# -*- coding: utf-8 -*-
"""
Created on Sun Oct 17 15:43:04 2021

@author: rafa_

Archivo en el que se ingresan los datos para la simulación numérica de Streamlines.
"""
import Units as u
import numpy as np

NSL=40 # Número de Streamlines

"Dimensiones de la malla"
nx_cell=10 # celdas en x
ny_cell=10 # celdas en y

"Datos de simulación"
dt = 1*u.day
TiempoTotal = 2000*u.day#*dt#*u.day

"Propiedades del medio"
LX = 1000*u.ft #ft
DX = LX/nx_cell
#x=np.linspace(0,250,6)
LY = 1000*u.ft #ft
DY = LY/ny_cell
#y=np.linspace(0,250,6)
DZ = 100*u.ft #ft

phi = 0.2
Sw_ini = 0.22

"Propiedades de los fluidos"
Muo =  1.14*u.Cp
Muw = 0.096*u.Cp

Swc = 0.2
Srw = 0.2
Sor = 0.2

"Pozos"
Q_inj  = 50 #bl/d
Q_prod = 50 #bl/d

# Celdas de los pozos (índices)
xcell_inj  = 0; ycell_inj  = 0 # Inyección
xcell_prod = nx_cell-1; ycell_prod = ny_cell-1 # Producción

"Matrices de Velocidades, obtenidas de un simulador de diferencias finitas"
#Left
# U_xl=np.array([[0,0,0,0,0],
#                 [0.28072,0.11485,0.0638 ,0.05104,0.05104],
#                 [0.16589,0.11485,0.08932,0.08932,0.10209],
#                 [0.10209,0.08932,0.08932,0.11485,0.16588],
#                 [0.05104,0.05104,0.06381,0.11484,0.28073]])

U_xl=np.array([[-0.00000000e+00, -0.00000000e+00, -0.00000000e+00,
        -0.00000000e+00, -0.00000000e+00, -0.00000000e+00,
        -0.00000000e+00, -0.00000000e+00, -0.00000000e+00,
        -0.00000000e+00],
       [ 1.98711966e-06,  7.87188473e-07,  3.74802152e-07,
         2.12850311e-07,  1.42149428e-07,  1.09606708e-07,
         9.50333138e-08,  8.94303163e-08,  8.80295093e-08,
         8.80294500e-08],
       [ 1.19993119e-06,  7.87188473e-07,  4.98813430e-07,
         3.34449664e-07,  2.46140691e-07,  2.01244092e-07,
         1.81096230e-07,  1.74658442e-07,  1.74658271e-07,
         1.76058841e-07],
       [ 8.25129036e-07,  6.63177195e-07,  4.98813430e-07,
         3.79994225e-07,  3.06719581e-07,  2.68132738e-07,
         2.53449074e-07,  2.53448950e-07,  2.59886292e-07,
         2.65488801e-07],
       [ 6.12278725e-07,  5.41577842e-07,  4.53268869e-07,
         3.79994225e-07,  3.32610671e-07,  3.11118205e-07,
         3.11118376e-07,  3.25801994e-07,  3.45949145e-07,
         3.60521271e-07],
       [ 4.70129298e-07,  4.37586578e-07,  3.92689979e-07,
         3.54103136e-07,  3.32610671e-07,  3.32611036e-07,
         3.54104233e-07,  3.92691505e-07,  4.37587022e-07,
         4.70125867e-07],
       [ 3.60522589e-07,  3.45949195e-07,  3.25801333e-07,
         3.11117669e-07,  3.11117840e-07,  3.32611036e-07,
         3.79996013e-07,  4.53272770e-07,  5.41581572e-07,
         6.12269307e-07],
       [ 2.65489276e-07,  2.59886278e-07,  2.53448490e-07,
         2.53448366e-07,  2.68131984e-07,  3.06719256e-07,
         3.79996013e-07,  4.98821991e-07,  6.63197189e-07,
         8.25100482e-07],
       [ 1.76058959e-07,  1.74658152e-07,  1.74657981e-07,
         1.81095323e-07,  2.01242473e-07,  2.46137990e-07,
         3.34446792e-07,  4.98821991e-07,  7.87284710e-07,
         1.19983495e-06],
       [ 8.80294500e-08,  8.80293907e-08,  8.94299604e-08,
         9.50324697e-08,  1.09604596e-07,  1.42143440e-07,
         2.12831175e-07,  3.74734469e-07,  7.87284710e-07,
         1.98711966e-06]])

#Right
# U_xr=np.array([[0.28072,0.11485,0.0638 ,0.05104,0.05104],
#                 [0.16589,0.11485,0.08932,0.08932,0.10209],
#                 [0.10209,0.08932,0.08932,0.11485,0.16588],
#                 [0.05104,0.05104,0.06381,0.11484,0.28073],
#                 [0,0,0,0,0]])
U_xr=np.array([[ 1.98711966e-06,  7.87188473e-07,  3.74802152e-07,
         2.12850311e-07,  1.42149428e-07,  1.09606708e-07,
         9.50333138e-08,  8.94303163e-08,  8.80295093e-08,
         8.80294500e-08],
       [ 1.19993119e-06,  7.87188473e-07,  4.98813430e-07,
         3.34449664e-07,  2.46140691e-07,  2.01244092e-07,
         1.81096230e-07,  1.74658442e-07,  1.74658271e-07,
         1.76058841e-07],
       [ 8.25129036e-07,  6.63177195e-07,  4.98813430e-07,
         3.79994225e-07,  3.06719581e-07,  2.68132738e-07,
         2.53449074e-07,  2.53448950e-07,  2.59886292e-07,
         2.65488801e-07],
       [ 6.12278725e-07,  5.41577842e-07,  4.53268869e-07,
         3.79994225e-07,  3.32610671e-07,  3.11118205e-07,
         3.11118376e-07,  3.25801994e-07,  3.45949145e-07,
         3.60521271e-07],
       [ 4.70129298e-07,  4.37586578e-07,  3.92689979e-07,
         3.54103136e-07,  3.32610671e-07,  3.32611036e-07,
         3.54104233e-07,  3.92691505e-07,  4.37587022e-07,
         4.70125867e-07],
       [ 3.60522589e-07,  3.45949195e-07,  3.25801333e-07,
         3.11117669e-07,  3.11117840e-07,  3.32611036e-07,
         3.79996013e-07,  4.53272770e-07,  5.41581572e-07,
         6.12269307e-07],
       [ 2.65489276e-07,  2.59886278e-07,  2.53448490e-07,
         2.53448366e-07,  2.68131984e-07,  3.06719256e-07,
         3.79996013e-07,  4.98821991e-07,  6.63197189e-07,
         8.25100482e-07],
       [ 1.76058959e-07,  1.74658152e-07,  1.74657981e-07,
         1.81095323e-07,  2.01242473e-07,  2.46137990e-07,
         3.34446792e-07,  4.98821991e-07,  7.87284710e-07,
         1.19983495e-06],
       [ 8.80294500e-08,  8.80293907e-08,  8.94299604e-08,
         9.50324697e-08,  1.09604596e-07,  1.42143440e-07,
         2.12831175e-07,  3.74734469e-07,  7.87284710e-07,
         1.98711966e-06],
       [-0.00000000e+00, -0.00000000e+00, -0.00000000e+00,
        -0.00000000e+00, -0.00000000e+00, -0.00000000e+00,
        -0.00000000e+00, -0.00000000e+00, -0.00000000e+00,
        -0.00000000e+00]])



#Bottom
# U_yb=np.array([[0,0.28072,0.16589,0.10209,0.05104],
#                 [0,0.11485,0.11485,0.08932,0.05104],
#                 [0,0.0638 ,0.08932,0.08932,0.06381],
#                 [0,0.05104,0.08932,0.11485,0.11484],
#                 [0,0.05104,0.10209,0.16588,0.28073]])
U_yb=np.array([[-0.00000000e+00,  1.98711966e-06,  1.19993119e-06,
         8.25129036e-07,  6.12278725e-07,  4.70129298e-07,
         3.60522589e-07,  2.65489276e-07,  1.76058959e-07,
         8.80294500e-08],
       [-0.00000000e+00,  7.87188473e-07,  7.87188473e-07,
         6.63177195e-07,  5.41577842e-07,  4.37586578e-07,
         3.45949195e-07,  2.59886278e-07,  1.74658152e-07,
         8.80293907e-08],
       [-0.00000000e+00,  3.74802152e-07,  4.98813430e-07,
         4.98813430e-07,  4.53268869e-07,  3.92689979e-07,
         3.25801333e-07,  2.53448490e-07,  1.74657981e-07,
         8.94299604e-08],
       [-0.00000000e+00,  2.12850311e-07,  3.34449664e-07,
         3.79994225e-07,  3.79994225e-07,  3.54103136e-07,
         3.11117669e-07,  2.53448366e-07,  1.81095323e-07,
         9.50324697e-08],
       [-0.00000000e+00,  1.42149428e-07,  2.46140691e-07,
         3.06719581e-07,  3.32610671e-07,  3.32610671e-07,
         3.11117840e-07,  2.68131984e-07,  2.01242473e-07,
         1.09604596e-07],
       [-0.00000000e+00,  1.09606708e-07,  2.01244092e-07,
         2.68132738e-07,  3.11118205e-07,  3.32611036e-07,
         3.32611036e-07,  3.06719256e-07,  2.46137990e-07,
         1.42143440e-07],
       [-0.00000000e+00,  9.50333138e-08,  1.81096230e-07,
         2.53449074e-07,  3.11118376e-07,  3.54104233e-07,
         3.79996013e-07,  3.79996013e-07,  3.34446792e-07,
         2.12831175e-07],
       [-0.00000000e+00,  8.94303163e-08,  1.74658442e-07,
         2.53448950e-07,  3.25801994e-07,  3.92691505e-07,
         4.53272770e-07,  4.98821991e-07,  4.98821991e-07,
         3.74734469e-07],
       [-0.00000000e+00,  8.80295093e-08,  1.74658271e-07,
         2.59886292e-07,  3.45949145e-07,  4.37587022e-07,
         5.41581572e-07,  6.63197189e-07,  7.87284710e-07,
         7.87284710e-07],
       [-0.00000000e+00,  8.80294500e-08,  1.76058841e-07,
         2.65488801e-07,  3.60521271e-07,  4.70125867e-07,
         6.12269307e-07,  8.25100482e-07,  1.19983495e-06,
         1.98711966e-06]])


#Top
# U_yt=np.array([[0.28072,0.16589,0.10209,0.05104,0],
#                 [0.11485,0.11485,0.08932,0.05104,0],
#                 [0.0638 ,0.08932,0.08932,0.06381,0],
#                 [0.05104,0.08932,0.11485,0.11484,0],
#                 [0.05104,0.10209,0.16588,0.28073,0]])

U_yt=np.array([[ 1.98711966e-06,  1.19993119e-06,  8.25129036e-07,
         6.12278725e-07,  4.70129298e-07,  3.60522589e-07,
         2.65489276e-07,  1.76058959e-07,  8.80294500e-08,
        -0.00000000e+00],
       [ 7.87188473e-07,  7.87188473e-07,  6.63177195e-07,
         5.41577842e-07,  4.37586578e-07,  3.45949195e-07,
         2.59886278e-07,  1.74658152e-07,  8.80293907e-08,
        -0.00000000e+00],
       [ 3.74802152e-07,  4.98813430e-07,  4.98813430e-07,
         4.53268869e-07,  3.92689979e-07,  3.25801333e-07,
         2.53448490e-07,  1.74657981e-07,  8.94299604e-08,
        -0.00000000e+00],
       [ 2.12850311e-07,  3.34449664e-07,  3.79994225e-07,
         3.79994225e-07,  3.54103136e-07,  3.11117669e-07,
         2.53448366e-07,  1.81095323e-07,  9.50324697e-08,
        -0.00000000e+00],
       [ 1.42149428e-07,  2.46140691e-07,  3.06719581e-07,
         3.32610671e-07,  3.32610671e-07,  3.11117840e-07,
         2.68131984e-07,  2.01242473e-07,  1.09604596e-07,
        -0.00000000e+00],
       [ 1.09606708e-07,  2.01244092e-07,  2.68132738e-07,
         3.11118205e-07,  3.32611036e-07,  3.32611036e-07,
         3.06719256e-07,  2.46137990e-07,  1.42143440e-07,
        -0.00000000e+00],
       [ 9.50333138e-08,  1.81096230e-07,  2.53449074e-07,
         3.11118376e-07,  3.54104233e-07,  3.79996013e-07,
         3.79996013e-07,  3.34446792e-07,  2.12831175e-07,
        -0.00000000e+00],
       [ 8.94303163e-08,  1.74658442e-07,  2.53448950e-07,
         3.25801994e-07,  3.92691505e-07,  4.53272770e-07,
         4.98821991e-07,  4.98821991e-07,  3.74734469e-07,
        -0.00000000e+00],
       [ 8.80295093e-08,  1.74658271e-07,  2.59886292e-07,
         3.45949145e-07,  4.37587022e-07,  5.41581572e-07,
         6.63197189e-07,  7.87284710e-07,  7.87284710e-07,
        -0.00000000e+00],
       [ 8.80294500e-08,  1.76058841e-07,  2.65488801e-07,
         3.60521271e-07,  4.70125867e-07,  6.12269307e-07,
         8.25100482e-07,  1.19983495e-06,  1.98711966e-06,
        -0.00000000e+00]])

"Puntos iniciales de las SL"


# Xg=np.array([50 , 50, 50  , 41.7, 25 , 8.3])
# Yg=np.array([8.3, 25, 41.7, 50  , 50 , 50 ])

